%YAML:1.0
---
calibration_time: "Wed Sep 20 18:25:04 2017"
image_width: 640
image_height: 480
flags: 0
camera_matrix: !!opencv-matrix
   rows: 3
   cols: 3
   dt: d
   data: [ 5.2621450097743718e+02, 0., 3.2612922204317829e+02, 0.,
       5.2679937995552837e+02, 2.3768756730224479e+02, 0., 0., 1. ]
distortion_coefficients: !!opencv-matrix
   rows: 1
   cols: 5
   dt: d
   data: [ 1.7744003164412478e-01, -4.4120785293711307e-01,
       -9.0653062824256961e-03, 5.1056725066658685e-03,
       2.3243913373032413e-01 ]
avg_reprojection_error: 1.4426249329285805e+00
